lo_freq	hi_freq	lo_amplitude	hi_amplitude
0	-0.0692317	33.7125	89.8809
16.0615	-0.0502377	31.5144	89.8809
-6.86613	-0.16809	34.33	89.8809
36.0556	0.199539	45.0955	89.8809
-31.7405	-0.505783	39.394	89.8809
-7.07724	-0.299184	27.6789	89.8809
-18.2463	-0.769395	30.1698	89.8809
-2.51465	0.84113	23.3632	89.8809
-3.06393	0.232826	21.2777	89.8809
-5.13177	-0.179707	18.4931	89.8809
-5.19565	-0.00849103	18.2836	89.8809
-0.835246	-0.088768	16.6163	89.8809
-3.6469	-0.111838	23.165	89.8809
-9.83495	-0.229539	23.9423	89.8809
-3.8402	0.0532921	19.476	89.8809
-8.67666	0.0447246	26.2173	89.8809
6.7213	-0.269353	26.3942	89.8809
2.41457	-0.241792	17.6805	89.8809
-1.53723	0.131301	9.63947	89.8809
0.297728	-0.125869	3.28027	89.8809
-1.83852	-0.110423	12.2914	89.8809
1.88942	-0.168385	16.4215	89.8809
4.62492	0.18699	24.6989	89.8809
-4.28911	-0.437075	21.9286	89.8809
-1.71752	-0.271047	13.5774	89.8809
-5.07305	-0.709362	18.245	89.8809
-0.307605	0.819287	12.2097	89.8809
-0.632142	0.262586	11.424	89.8809
-1.77352	-0.177588	10.2025	89.8809
-1.45251	0.0309753	9.25142	89.8809
-0.673563	-0.0671318	9.37284	89.8809
-0.285775	-0.0961158	13.6136	89.8809
-3.8294	-0.237293	15.8096	89.8809
-1.34781	0.0526631	11.7277	89.8809
-3.49658	0.0395064	18.4436	89.8809
3.65142	-0.268023	19.8822	89.8809
1.32383	-0.242331	11.5329	89.8809
-0.795017	0.139778	8.04399	89.8809
0.110929	-0.142757	1.29101	89.8809
-0.848989	-0.0975637	6.98845	89.8809
0.750458	-0.179786	11.0956	89.8809
2.39003	0.143509	18.5628	89.8809
-2.11875	-0.378037	16.5957	89.8809
-0.788615	-0.287284	9.42102	89.8809
-2.7031	-0.65701	13.396	89.8809
-0.532583	0.812994	9.60742	89.8809
-0.282232	0.283865	7.56859	89.8809
-1.0891	-0.111763	7.37868	89.8809
-0.957463	-0.0121574	6.71707	89.8809
-0.483875	-0.0295844	7.70009	89.8809
-0.174517	-0.114957	9.25786	89.8809
-2.3019	-0.264252	11.9473	89.8809
-0.921691	0.139293	8.98541	89.8809
-2.53846	0.0515519	14.9114	89.8809
2.64696	-0.248785	16.4508	89.8809
0.543389	-0.207032	7.10457	89.8809
-0.769536	0.150474	6.04881	89.8809
-0.0536811	-0.119003	0.780916	89.8809
-0.530808	-0.0949867	5.5642	89.8809
0.467562	-0.158126	8.59212	89.8809
1.33094	0.187475	15.4067	89.8809
-1.40216	-0.338084	13.8356	89.8809
-0.510343	-0.305045	7.28047	89.8809
-1.88882	-0.631252	11.0435	89.8809
-0.426851	0.801773	7.71202	89.8809
-0.229526	0.284847	6.4924	89.8809
-0.754253	-0.115764	5.62841	89.8809
-0.744372	0.0587036	5.69662	89.8809
-0.412185	0.0353808	6.26112	89.8809
-0.12253	-0.0588399	7.54931	89.8809
-1.79679	-0.240572	10.2867	89.8809
-0.810959	0.13635	7.30892	89.8809
-1.89959	0.105931	12.5524	89.8809
2.02247	-0.14657	13.9741	89.8809
0.672108	-0.277832	7.21084	89.8809
-0.346566	0.167152	3.33756	89.8809
0.0590271	-0.0761362	0.692489	89.8809
-0.35048	-0.0802302	3.80776	89.8809
0.260558	-0.140763	7.2263	89.8809
0.871806	0.246769	13.4572	89.8809
-0.954869	-0.301925	11.8823	89.8809
-0.360225	-0.229341	6.1809	89.8809
-1.44293	-0.634917	9.39668	89.8809
-0.364934	0.767626	6.46553	89.8809
-0.123408	0.191289	5.17157	89.8809
-0.553873	-0.107056	4.42363	89.8809
-0.527846	0.00195788	4.33718	89.8809
-0.389424	-0.0523079	5.25353	89.8809
-0.0433052	-0.127851	6.36	89.8809
-1.39835	-0.360837	8.76315	89.8809
-0.656893	0.178681	6.15115	89.8809
-1.60795	0.0548768	11.0209	89.8809
1.68939	0.0528753	12.3077	89.8809
0.557487	-0.241021	5.95494	89.8809
-0.303124	0.293663	2.92022	89.8809
0.0331009	0.140333	0.406042	89.8809
-0.230652	-0.0864652	3.03585	89.8809
0.1683	-0.0907841	6.18021	89.8809
0.58413	0.00559926	11.8743	89.8809
-0.673909	-0.32016	10.3959	89.8809
-0.263375	-0.0131432	5.31629	89.8809
-1.1181	-0.62245	8.09388	89.8809
-0.368292	0.835087	5.66342	89.8809
-0.0552725	0.395988	4.40865	89.8809
-0.455879	-0.0947238	3.77366	89.8809
-0.4318	-0.0308059	3.72161	89.8809
-0.335538	-0.0870032	4.55681	89.8809
0.0430855	-0.0976364	5.51462	89.8809
-1.16362	-0.359694	7.75831	89.8809
-0.56247	0.182894	5.34202	89.8809
-1.38966	0.145524	9.86138	89.8809
1.48926	-0.19759	11.0339	89.8809
0.485654	-0.159254	5.05445	89.8809
-0.262021	0.0648052	2.50709	89.8809
0.0513477	-0.0582291	0.768539	89.8809
-0.172872	0.00956102	2.50874	89.8809
0.120926	-0.165824	5.56755	89.8809
0.36192	0.222003	10.6288	89.8809
-0.434084	-0.215789	9.30575	89.8809
-0.198594	-0.163844	4.36907	89.8809
-0.975224	-0.573172	7.45503	89.8809
-0.306019	0.716484	4.8325	89.8809
-0.0595954	0.293406	3.4507	89.8809
-0.420616	-0.114077	3.55699	89.8809
-0.284445	-0.0166238	2.5742	89.8809
-0.354449	-0.0638682	4.44801	89.8809
0.121531	-0.189581	5.14195	89.8809
-0.893887	-0.379604	6.39273	89.8809
-0.502232	0.173673	4.52692	89.8809
-1.10605	0.0689135	8.4323	89.8809
1.40683	-0.178605	10.278	89.8809
0.527432	-0.266707	5.054	89.8809
-0.271424	0.0874157	2.41079	89.8809
0.0416523	-0.104027	0.600383	89.8809
-0.202266	-0.0535823	2.71751	89.8809
0.11283	-0.174509	4.5883	89.8809
0.228243	0.191792	10.1222	89.8809
-0.416302	-0.22127	8.75355	89.8809
-0.111438	-0.220651	4.06111	89.8809
-0.774842	-0.538213	6.51886	89.8809
-0.282369	0.704309	4.1862	89.8809
0.0254229	0.242821	3.58607	89.8809
-0.324663	-0.0848129	2.88476	89.8809
-0.345727	0.00289919	3.39948	89.8809
-0.263547	-0.0145065	3.17824	89.8809
0.0464657	-0.156462	4.51088	89.8809
-0.862126	-0.376812	6.36464	89.8809
-0.499749	0.233014	4.50602	89.8809
-1.14412	0.0968236	8.33169	89.8809
1.18992	-0.144236	9.10457	89.8809
0.432024	-0.23955	4.14374	89.8809
-0.2204	0.0971692	2.05885	89.8809
0.0284943	-0.0983548	0.324704	89.8809
-0.156499	-0.0341883	2.21062	89.8809
0.0374453	-0.166226	4.17067	89.8809
0.138973	0.186121	9.29828	89.8809
-0.319818	-0.198154	7.85509	89.8809
-0.0810077	-0.206129	3.70581	89.8809
-0.662992	-0.515151	5.78122	89.8809
-0.294202	0.683293	3.978	89.8809
0.0231752	0.247165	3.1455	89.8809
-0.291134	-0.0809779	2.6248	89.8809
-0.276847	0.00353371	2.69618	89.8809
-0.254192	-0.0138125	3.149	89.8809
0.0864889	-0.151256	3.95011	89.8809
-0.707294	-0.397513	5.55965	89.8809
-0.477644	0.243495	4.30858	89.8809
-1.07883	0.107209	7.79077	89.8809
1.074	-0.100334	8.19915	89.8809
0.377972	-0.239625	3.55768	89.8809
-0.118763	0.113336	1.47997	89.8809
0.121194	-0.0766741	1.17771	89.8809
-0.147975	-0.0295414	1.84231	89.8809
0.044999	-0.160142	3.72173	89.8809
0.0915161	0.198756	8.48779	89.8809
-0.236078	-0.186483	7.6685	89.8809
-0.0602819	-0.204524	3.41355	89.8809
-0.630805	-0.499636	5.56904	89.8809
-0.323399	0.652881	3.8601	89.8809
0.0235044	0.224754	2.4313	89.8809
-0.278146	-0.0762688	2.51306	89.8809
-0.24111	-0.0122665	2.28564	89.8809
-0.287143	-0.00212502	3.3436	89.8809
0.123886	-0.161086	3.09587	89.8809
-0.650162	-0.42192	5.11121	89.8809
-0.324103	0.260175	3.29891	89.8809
-0.840668	0.107733	6.62218	89.8809
1.14219	-0.0677577	8.2712	89.8809
0.459083	-0.244678	4.24414	89.8809
-0.221057	0.160429	2.01973	89.8809
-0.00716226	-0.0463845	0.7844	89.8809
-0.058782	0.00266044	1.66266	89.8809
-0.0412498	-0.138278	3.74058	89.8809
-0.0681268	0.163678	8.00637	89.8809
-0.11019	-0.161712	6.87189	89.8809
-0.0409279	-0.176495	2.76924	89.8809
-0.54092	-0.514473	5.44443	89.8809
-0.24518	0.661616	3.34483	89.8809
-0.0140361	0.25443	2.31862	89.8809
-0.250948	-0.054325	2.36929	89.8809
-0.28169	-0.0029797	2.61334	89.8809
-0.26292	0.0112377	2.95137	89.8809
0.0446547	-0.162136	2.12445	89.8809
-0.632451	-0.452725	5.13693	89.8809
-0.291325	0.295292	3.51848	89.8809
-0.910037	0.141643	6.92203	89.8809
1.04746	-0.0591487	7.67303	89.8809
0.498868	-0.216862	4.09119	89.8809
-0.208896	0.120263	2.46106	89.8809
0.0541825	-0.0511208	1.26232	89.8809
0.0653914	-0.0149664	1.29491	89.8809
-0.081325	-0.143387	3.60899	89.8809
-0.183157	0.198884	7.76486	89.8809
-0.0051465	-0.134104	5.91107	89.8809
-0.0978661	-0.187897	1.42007	89.8809
-0.316423	-0.466807	3.92809	89.8809
-0.153287	0.640576	4.28253	89.8809
0.205388	0.239917	2.74844	89.8809
-0.00481148	-0.056844	0.818314	89.8809
-0.115965	0.00968478	2.0185	89.8809
0.0493577	0.00776122	1.54994	89.8809
0.149987	-0.173104	2.5257	89.8809
-0.434317	-0.450169	4.1203	89.8809
-0.203486	0.306559	1.89829	89.8809
-0.749305	0.135288	5.7359	89.8809
1.07924	-0.0376837	7.69115	89.8809
0.281887	-0.224834	3.09825	89.8809
-0.0489433	0.117936	1.5005	89.8809
0.0733178	-0.0455116	1.47951	89.8809
-0.11722	-0.000809408	1.65156	89.8809
0.0260326	-0.147843	2.89114	89.8809
0.0365217	0.205305	7.19865	89.8809
-0.00838477	-0.121045	5.97226	89.8809
0.0954749	-0.181256	3.70778	89.8809
-0.275663	-0.446862	3.76144	89.8809
-0.247318	0.610957	2.45674	89.8809
0.235005	0.216594	3.10727	89.8809
-0.198079	-0.0539831	2.23505	89.8809
-0.0561179	0.000706417	2.56295	89.8809
-0.212486	0.0168319	2.29523	89.8809
0.1342	-0.177853	3.74647	89.8809
-0.442135	-0.476295	4.25223	89.8809
-0.355556	0.318532	3.05842	89.8809
-0.73719	0.135375	5.62317	89.8809
0.898341	-0.0172413	6.72815	89.8809
0.254272	-0.21856	2.88217	89.8809
-0.103238	0.117422	0.987162	89.8809
-0.0358374	-0.0457705	0.866239	89.8809
-0.0282515	0.00138095	1.44012	89.8809
-0.0340125	-0.150306	3.24726	89.8809
-0.129271	0.192971	6.60871	89.8809
0.0731006	-0.102419	5.68329	89.8809
0.079297	-0.175918	2.58753	89.8809
-0.268562	-0.437095	3.89853	89.8809
-0.212135	0.588428	2.46093	89.8809
0.176726	0.217661	2.63293	89.8809
